%YAML:1.0
---
body_T_cam0: !!opencv-matrix
   rows: 4
   cols: 4
   dt: d
   data: [ 9.9976583692570409e-01, 1.1087098690346126e-02,
       -1.8583529247137805e-02, 9.0107000000000002e-04,
       1.0783861309653876e-02, -9.9980835476872620e-01,
       -1.6339079105432034e-02, -8.4973999999999998e-04,
       -1.8761120752845528e-02, 1.6134850894567964e-02,
       -9.9969379830556959e-01, -1.1347200000000001e-03, 0., 0., 0., 1. ]
